         0
     9.503
    9.5065
    11.492
    17.881
    17.881
         0
     6.025
     6.017
     6.017
    13.928
     13.92
    15.885
    15.884
    27.023
    27.023
     12.39
     0.028
     5.051
    21.581
     5.993
    19.994
     11.94
     5.989
    19.997
    11.962
         0
     6.019
     6.021
     6.017
    13.931
    13.921
    15.895
    15.895
    27.016
    27.018
    12.398
     0.027
     5.049
    21.579
     5.992
    20.003
     11.94
     5.991
    20.004
    11.936
         0
      6.02
     6.021
     6.017
    13.932
    13.922
    15.894
    15.892
     27.02
    27.019
    12.396
     0.027
     5.051
     21.58
     5.988
    19.998
    11.939
     5.992
    19.998
    11.939
END
